16465
54786
32384
13072
53378
12385
17454
3860
38816
18304
17301
3911
29990
49715
27327
40252
54161
16747
18654
28767
15575
28016
5699
61282
54134
56296
44125
39937
32466
36609
1247
48931
25859
33631
62004
13701
46016
13922
17561
19297
32226
34862
23208
62216
19041
50535
36932
7666
1746
55586
36434
17322
18066
42133
13068
6664
32894
57193
46601
65360
28266
47848
48755
54125
15944
45223
2290
61960
59145
19851
15721
25835
54714
38929
22515
8219
23928
59447
15886
25675
49497
52320
42997
2027
28917
56065
8692
61811
47722
55293
61635
10453
37606
44855
64578
53550
24542
1333
49974
18152
21184
160
43987
10362
39089
967
18582
63018
60414
34468
23157
44376
21252
618
46403
50169
56683
55095
46445
38869
44853
42544
49322
16923
21863
48365
4937
46406
49698
54911
64558
5346
55071
43009
15709
28625
43976
34291
26107
38855
3223
49264
17695
24475
49882
64098
9108
41029
53658
55553
14362
32975
32562
63685
49898
54425
46514
54835
35295
30676
44210
34317
36022
33746
11791
51731
62371
55767
20486
22942
29086
23709
6670
46781
48184
56552
45344
57293
32045
33466
47310
46407
905
14336
44556
50803
3226
25534
40102
38521
56210
18776
7303
26697
52522
19094
12892
49357
9325
33379
6763
38412
57088
13433
19657
39737
4449
65001
31494
36494
32931
13268
17366
33836
27605
61922
19103
30831
21921
59205
3816
12595
12446
11119
39292
64968
30213
52185
48790
39539
20028
55553
12415
11580
3451
32072
51317
7900
31538
17275
44395
64469
30544
61761
32770
58149
58147
51873
23444
14532
45543
27260
27128
57989
38380
884
57421
3057
53069
40675
42596
7561
30693
55011
19142
34144
21548
4923
42044
53086
22199
20903
52019
52743
17128
19253
45356
9740
5591
3264
24272
51134
30524
51400
43587
3368
52285
35472
6426
39818
10612
49022
47380
41305
38498
986
9913
60046
5909
51957
47596
28108
7325
34079
15315
24453
53333
60671
34193
58924
63935
58466
44522
28924
44330
22573
32292
31079
58045
38718
5362
3121
22205
52742
44426
60703
53728
54339
55213
59637
40761
37273
22210
48086
5816
37525
7003
59149
32661
41197
52537
31060
34127
31523
59984
12921
54096
26741
44001
46606
65459
49363
49727
22128
36569
28618
17295
24761
17421
6972
18862
58182
44245
41072
40732
50062
13062
47736
43675
45723
23397
30677
11247
57524
62200
5696
4909
50761
32437
48910
31831
32360
32737
16022
54489
3770
44640
6248
28531
62062
13221
47394
54708
57466
22930
29905
41992
35992
12105
20132
16179
35502
50809
27427
27490
47473
33123
32399
32698
24
15774
64529
32384
48511
15016
21337
52282
59656
27586
15277
56182
40807
62671
45355
32737
20066
9724
9194
56058
21829
29326
6702
57331
14599
34129
19285
62072
1716
51684
29235
1740
1922
28228
34124
50434
43244
55462
37180
37365
17512
52457
28011
58319
49593
7830
25520
4123
17554
34714
60181
39383
64040
1347
31178
13103
35476
50463
9640
37192
36612
38875
38932
38534
1567
7521
23432
44812
62983
60612
16641
14959
47534
44652
7742
31591
52483
33262
35714
4501
2441
30359
43885
945
31707
9527
14049
1647
59991
23689
38840
31067
62564
12236
4065
64131
19757
27498
43407
17204
22574
60048
32163
4572
39165
39905
36163
26112
7632
6341
30613
10073
36701
8962
11018
2872
18490
25067
4519
12945
48756
43359
44012
45784
55596
48077
44380
9817
10039
22251
27022
32614
16764
59185
37186
55929
33555
7814
16505
41187
14155
47118
51260
50856
56081
62278
53728
9035
21810
58248
21980
5030
36071
456
50815
26131
48533
29659
35949
58573
51910
62971
25651
3138
56620
62837
59067
24639
5115
10036
290
19271
57155
51550
4591
47700
48293
58320
56735
4567
51032
13179
9597
21567
13635
60412
47699
62168
24535
18112
55205
10910
15547
15320
14048
6631
12622
7580
31271
17737
17616
31561
37008
9235
17576
41600
56935
333
34384
48134
4900
19880
61313
14497
41447
9412
9374
23610
6045
33909
41722
61250
44819
57269
11035
58868
63901
23657
912
29636
41394
18528
61197
12867
27764
13237
54467
19163
13570
23315
1762
18470
43195
63075
32968
19106
6952
42342
42717
12997
10715
18903
8711
55535
10637
19746
48867
9002
43403
49779
38638
19262
2771
34299
32129
30535
47537
21060
49699
61107
44375
51461
14042
22034
49000
47010
41140
55952
23816
18321
3413
34531
37225
12125
24530
47862
31871
7861
56864
9739
57640
29966
29001
60412
64265
61130
25411
46266
16654
9574
41838
61029
61035
55880
17527
44500
37354
58667
34916
61170
11453
38330
30165
48678
50455
54696
31004
16790
62557
22332
26529
54662
52298
55530
49538
51027
51124
9413
31758
2242
18988
8060
63271
14487
63940
15262
58987
35758
8394
28368
31392
19847
1162
61557
2989
51617
50717
33993
2871
47739
56325
29401
36865
43087
19395
20867
28578
4984
30280
60336
7226
49268
2860
4962
63756
1264
20224
57207
37022
28618
20039
2878
48465
21201
64436
51454
7282
49617
19911
10154
31820
10700
39555
3149
53787
58950
24016
16830
63934
54297
11630
5625
38029
14491
10587
36249
15755
30811
27921
52778
59430
47960
55656
42359
3626
54556
28278
10908
38638
48189
21062
4922
58890
60617
8072
47141
54032
32088
63971
52430
20849
10066
58055
58879
24557
3106
29592
40312
33918
57513
27554
27812
39938
17675
4635
43564
6695
32913
54472
45333
15567
9999
50256
8921
5080
58328
56062
59112
24880
54498
46007
45730
64564
38526
39073
23585
41633
3129
63897
10015
60643
25916
37827
35045
43591
42462
13073
50286
9840
2009
30084
25407
12008
14804
34328
17089
7596
24854
10665
32476
13816
56672
12670
12844
29663
51743
36429
5760
54873
34791
15775
49980
60707
53602
19489
38762
30528
32562
23512
40368
34571
53596
239
46580
2864
34567
63669
10460
59422
8798
42937
7702
65471
55607
20547
29598
41815
56976
35358
31152
26231
51133
15596
21402
39199
35085
60164
4191
2111
18141
44560
36682
6201
44799
17726
9066
13831
15859
19526
7717
24658
62463
15419
24593
52535
35966
54191
28814
27407
24013
59966
53638
9610
10026
9505
48809
45111
4133
53000
47222
22274
32024
18368
28476
11288
36095
37542
25119
51954
57068
32836
11076
53996
48255
35669
40995
18686
24324
4273
46093
48337
64239
34195
57947
8729
43700
41220
53840
47834
28685
35526
